[[1. 1. 1. 1. 1. 1. 1. 1.]
 [1. 1. 1. 1. 1. 1. 1. 1.]
 [1. 1. 1. 1. 1. 1. 1. 1.]
 [1. 1. 1. 1. 1. 1. 1. 1.]
 [1. 1. 1. 1. 1. 1. 1. 1.]
 [1. 1. 1. 1. 1. 1. 1. 1.]
 [1. 1. 1. 1. 1. 1. 1. 1.]
 [1. 1. 1. 1. 1. 1. 1. 1.]]
Timestep: 1
Writes: [(2, 3, 2)]
[[1. 2. 1. 1. 2. 1. 2. 1.]
 [2. 1. 2. 1. 2. 1. 1. 1.]
 [1. 1. 2. 2. 1. 2. 1. 1.]
 [1. 1. 2. 2. 1. 1. 1. 1.]
 [2. 2. 1. 1. 2. 1. 1. 1.]
 [1. 1. 1. 2. 1. 1. 1. 1.]
 [1. 2. 1. 1. 1. 2. 1. 1.]
 [1. 1. 1. 1. 1. 1. 1. 1.]]
Timestep: 2
Writes: [(3, 4, 2)]
[[1. 2. 1. 1. 2. 2. 2. 1.]
 [2. 1. 2. 1. 2. 1. 1. 1.]
 [1. 1. 2. 2. 1. 2. 2. 2.]
 [1. 2. 2. 2. 2. 1. 1. 1.]
 [2. 2. 1. 1. 2. 1. 1. 2.]
 [1. 1. 1. 2. 2. 2. 1. 1.]
 [1. 2. 1. 1. 2. 2. 1. 1.]
 [1. 1. 1. 1. 1. 1. 1. 1.]]
Timestep: 3
Writes: [(4, 5, 1)]
[[1. 2. 1. 1. 2. 2. 2. 1.]
 [2. 1. 2. 1. 1. 1. 1. 1.]
 [1. 1. 2. 2. 1. 2. 2. 2.]
 [1. 2. 2. 2. 1. 1. 1. 1.]
 [2. 2. 1. 1. 1. 1. 1. 1.]
 [1. 1. 1. 2. 2. 1. 1. 1.]
 [1. 2. 1. 1. 2. 1. 1. 1.]
 [1. 1. 1. 1. 1. 1. 1. 1.]]
