[[1. 1. 1. 1. 1. 1. 1. 1.]
 [1. 1. 1. 1. 1. 1. 1. 1.]
 [1. 1. 1. 1. 1. 1. 1. 1.]
 [1. 1. 1. 1. 1. 1. 1. 1.]
 [1. 1. 1. 1. 1. 1. 1. 1.]
 [1. 1. 1. 1. 1. 1. 1. 1.]
 [1. 1. 1. 1. 1. 1. 1. 1.]
 [1. 1. 1. 1. 1. 1. 1. 1.]]
Timestep: 1
Writes: [(5, 5, 2)]
[[1. 2. 1. 1. 1. 1. 2. 1.]
 [2. 1. 1. 1. 1. 1. 1. 1.]
 [1. 1. 1. 1. 2. 1. 1. 1.]
 [1. 1. 1. 1. 1. 1. 1. 2.]
 [2. 1. 1. 2. 1. 2. 1. 1.]
 [1. 1. 2. 1. 1. 2. 2. 2.]
 [1. 2. 1. 1. 2. 2. 1. 1.]
 [1. 1. 1. 1. 1. 2. 1. 2.]]
Timestep: 2
Writes: [(4, 5, 2)]
[[1. 2. 1. 1. 2. 2. 2. 1.]
 [2. 1. 2. 1. 1. 1. 1. 1.]
 [1. 1. 1. 1. 2. 1. 2. 2.]
 [1. 1. 1. 1. 1. 1. 2. 2.]
 [2. 1. 1. 2. 1. 2. 1. 2.]
 [1. 1. 2. 1. 2. 2. 2. 2.]
 [1. 2. 1. 1. 2. 2. 1. 1.]
 [1. 1. 1. 1. 1. 2. 1. 2.]]
Timestep: 3
Writes: [(4, 5, 1)]
[[1. 2. 1. 1. 2. 2. 2. 1.]
 [2. 1. 2. 1. 1. 1. 1. 1.]
 [1. 1. 1. 1. 2. 1. 2. 2.]
 [1. 1. 1. 1. 1. 1. 2. 2.]
 [2. 1. 1. 2. 1. 1. 1. 1.]
 [1. 1. 2. 1. 2. 1. 2. 2.]
 [1. 2. 1. 1. 2. 1. 1. 1.]
 [1. 1. 1. 1. 1. 2. 1. 1.]]
Timestep: 4
Writes: [(2, 4, 2)]
[[1. 2. 2. 1. 2. 2. 2. 2.]
 [2. 1. 2. 2. 2. 2. 1. 1.]
 [1. 2. 1. 2. 2. 2. 2. 2.]
 [1. 1. 1. 2. 2. 2. 2. 2.]
 [2. 1. 1. 2. 2. 1. 1. 2.]
 [1. 1. 2. 1. 2. 1. 2. 2.]
 [1. 2. 1. 1. 2. 1. 2. 1.]
 [1. 1. 1. 1. 1. 2. 1. 1.]]
Timestep: 5
Writes: [(7, 7, 1)]
[[1. 2. 2. 1. 2. 2. 2. 2.]
 [2. 1. 2. 2. 2. 2. 1. 1.]
 [1. 2. 1. 1. 2. 2. 2. 2.]
 [1. 1. 1. 2. 2. 1. 1. 2.]
 [2. 1. 1. 2. 2. 1. 1. 2.]
 [1. 1. 2. 1. 2. 1. 1. 1.]
 [1. 2. 1. 1. 2. 1. 1. 1.]
 [1. 1. 1. 1. 1. 2. 1. 1.]]
Timestep: 6
Writes: [(4, 5, 2)]
[[1. 2. 2. 1. 2. 2. 2. 2.]
 [2. 1. 2. 2. 2. 2. 2. 1.]
 [1. 2. 1. 2. 2. 2. 2. 2.]
 [1. 1. 1. 2. 2. 2. 2. 2.]
 [2. 1. 2. 2. 2. 2. 1. 2.]
 [1. 2. 2. 1. 2. 2. 2. 1.]
 [1. 2. 1. 1. 2. 1. 1. 1.]
 [1. 1. 1. 1. 2. 2. 1. 1.]]
Timestep: 7
Writes: [(7, 7, 1)]
[[1. 2. 2. 1. 2. 2. 2. 2.]
 [2. 1. 2. 2. 2. 2. 2. 1.]
 [1. 2. 1. 2. 2. 2. 2. 2.]
 [1. 1. 1. 2. 1. 2. 2. 2.]
 [2. 1. 2. 2. 2. 2. 1. 1.]
 [1. 2. 2. 1. 2. 2. 2. 1.]
 [1. 1. 1. 1. 2. 1. 1. 1.]
 [1. 1. 1. 1. 1. 2. 1. 1.]]
Timestep: 8
Writes: [(1, 1, 1)]
[[1. 1. 2. 1. 1. 2. 2. 2.]
 [1. 1. 1. 2. 1. 2. 2. 1.]
 [1. 2. 1. 1. 2. 2. 2. 2.]
 [1. 1. 1. 2. 1. 2. 2. 2.]
 [1. 1. 2. 2. 2. 2. 1. 1.]
 [1. 2. 2. 1. 1. 2. 2. 1.]
 [1. 1. 1. 1. 2. 1. 1. 1.]
 [1. 1. 1. 1. 1. 2. 1. 1.]]
Timestep: 9
Writes: [(2, 2, 2)]
[[1. 2. 2. 1. 1. 2. 2. 2.]
 [2. 1. 2. 2. 1. 2. 2. 2.]
 [2. 2. 2. 2. 2. 2. 2. 2.]
 [1. 1. 2. 2. 1. 2. 2. 2.]
 [1. 2. 2. 2. 2. 2. 1. 1.]
 [1. 2. 2. 1. 1. 2. 2. 1.]
 [1. 1. 1. 1. 2. 1. 1. 1.]
 [1. 2. 1. 1. 1. 2. 1. 1.]]
Timestep: 10
Writes: [(7, 1, 1)]
[[1. 2. 2. 1. 1. 2. 2. 2.]
 [2. 1. 2. 2. 1. 2. 2. 2.]
 [1. 2. 2. 2. 2. 2. 2. 2.]
 [1. 1. 2. 2. 1. 2. 2. 2.]
 [1. 1. 1. 2. 2. 2. 1. 1.]
 [1. 1. 2. 1. 1. 2. 2. 1.]
 [1. 1. 1. 1. 2. 1. 1. 1.]
 [1. 1. 1. 1. 1. 2. 1. 1.]]
